[(276, 254), (276, 251), (276, 235), (276, 224), (280, 216), (285, 207), (290, 201), (297, 194), (305, 188), (315, 183), (329, 178), (342, 175), (357, 175), (370, 176), (381, 179), (389, 182), (398, 188), (404, 193), (412, 208), (415, 221), (418, 236), (420, 253), (420, 271), (420, 284), (419, 295), (415, 306), (412, 315), (404, 323), (395, 330), (383, 332), (366, 332), (346, 328), (331, 324), (316, 316), (302, 307), (291, 298), (283, 291), (280, 283), (278, 269), (277, 266), (274, 256), (274, 253), (274, 251), 'circle']
[(584, 212), (584, 204), (595, 173), (608, 160), (616, 154), (631, 144), (662, 132), (683, 127), (719, 126), (746, 135), (767, 149), (785, 166), (799, 189), (799, 205), (799, 225), (799, 251), (799, 274), (799, 297), (799, 317), (799, 335), (790, 347), (775, 358), (757, 363), (730, 363), (702, 363), (677, 359), (651, 348), (627, 337), (603, 316), (588, 292), (580, 272), (579, 246), (579, 233), (579, 222), (582, 216), (585, 212), (586, 210), (587, 208), 'circle']
[(78, 396), (78, 393), (79, 384), (83, 379), (92, 372), (101, 368), (108, 367), (115, 366), (124, 366), (136, 368), (146, 373), (157, 384), (162, 389), (170, 398), (180, 413), (184, 427), (186, 443), (186, 451), (174, 461), (163, 468), (148, 473), (136, 476), (124, 477), (115, 478), (103, 478), (95, 472), (87, 466), (81, 455), (78, 443), (75, 432), (73, 416), (73, 407), (75, 401), (76, 399), (78, 395), (81, 391), (81, 390), 'circle']
[(74, 156), (74, 154), (78, 151), (82, 149), (92, 147), (99, 147), (105, 147), (113, 147), (116, 147), (121, 148), (128, 153), (138, 160), (143, 166), (147, 173), (150, 186), (152, 194), (152, 204), (152, 210), (147, 216), (141, 221), (130, 227), (113, 232), (97, 235), (82, 236), (68, 236), (58, 236), (51, 231), (45, 226), (43, 222), (40, 215), (38, 203), (38, 194), (38, 185), (43, 176), (46, 170), (49, 165), (52, 162), (55, 160), (59, 158), (62, 156), (65, 155), (69, 154), (72, 153), (73, 153), 'circle']
[(215, 55), (219, 55), (224, 53), (233, 51), (243, 49), (249, 47), (257, 47), (264, 47), (272, 51), (279, 57), (287, 68), (292, 76), (296, 85), (298, 90), (301, 97), (301, 106), (301, 114), (298, 123), (295, 128), (289, 133), (279, 139), (269, 142), (252, 144), (236, 144), (218, 143), (202, 137), (189, 131), (179, 123), (174, 112), (172, 102), (172, 94), (172, 88), (174, 85), (178, 80), (184, 71), (189, 67), (195, 63), (201, 57), (205, 54), (209, 52), (212, 49), (215, 47), (216, 46), (217, 46), 'circle']
[(431, 55), (442, 50), (450, 47), (465, 45), (478, 45), (487, 45), (500, 48), (507, 52), (515, 58), (518, 65), (522, 74), (524, 92), (524, 106), (524, 114), (524, 119), (518, 126), (507, 132), (496, 134), (482, 135), (467, 135), (454, 134), (441, 128), (430, 116), (423, 103), (418, 89), (417, 77), (417, 69), (417, 63), (420, 59), (424, 55), (427, 54), 'circle']
[(420, 408), (420, 407), (423, 405), (430, 401), (442, 397), (454, 393), (467, 390), (481, 390), (499, 397), (509, 405), (515, 412), (518, 418), (521, 427), (523, 442), (523, 449), (523, 460), (522, 467), (517, 473), (510, 480), (500, 485), (492, 487), (479, 489), (466, 489), (454, 489), (443, 485), (436, 479), (430, 472), (427, 467), (426, 462), (425, 452), (425, 443), (425, 439), (425, 433), (425, 429), (425, 425), (425, 418), (426, 415), (426, 413), (427, 410), (427, 406), (428, 404), (430, 403), (432, 401), 'circle']
[(114, 82), (115, 78), (132, 64), (156, 52), (182, 42), (205, 36), (229, 31), (260, 31), (291, 31), (338, 35), (366, 41), (393, 50), (420, 62), (445, 73), (468, 84), (486, 100), (501, 120), (516, 144), (532, 174), (538, 195), (540, 228), (540, 251), (540, 265), (537, 278), (532, 292), (525, 311), (517, 324), (512, 335), (507, 343), (495, 354), (486, 361), (471, 370), (462, 374), (450, 380), (438, 384), (425, 388), (409, 393), (396, 394), (371, 397), (356, 398), (342, 398), (320, 398), (310, 398), (275, 397), (251, 390), (234, 381), (218, 367), (199, 351), (180, 331), (164, 310), (139, 273), (127, 253), (114, 228), (107, 209), (100, 188), (91, 156), (88, 137), (88, 114), (92, 100), (97, 89), (102, 81), (107, 74), (112, 68), (117, 63), (122, 59), (127, 58), (129, 58), (130, 58), (131, 58), 'circle']
[(202, 175), (202, 182), (202, 191), (202, 202), (203, 214), (206, 228), (208, 236), (210, 249), (211, 274), (213, 299), (216, 307), (218, 327), (219, 347), (219, 382), (219, 399), (219, 408), (219, 414), (219, 416), (219, 419), (219, 422), (219, 424), (221, 424), (223, 424), (233, 424), (253, 424), (261, 424), (288, 424), (297, 424), (314, 427), (327, 428), (344, 428), (360, 428), (391, 430), (413, 430), (433, 430), (453, 430), (470, 432), (482, 432), (491, 432), (497, 432), (499, 432), (500, 432), (500, 431), (500, 430), (500, 416), (499, 399), (495, 379), (488, 351), (482, 324), (475, 294), (470, 279), (466, 253), (464, 232), (463, 213), (463, 208), (463, 203), (463, 199), (464, 193), (467, 187), (468, 183), (469, 182), (469, 181), (469, 179), (468, 176), (467, 171), (466, 167), (465, 163), (463, 161), (453, 161), (435, 161), (396, 161), (326, 158), (303, 158), (249, 156), (238, 156), (221, 155), (217, 155), (210, 155), (203, 155), (201, 155), (199, 155), (198, 157), (197, 158), (197, 159), 'square']
[(513, 73), (513, 82), (513, 92), (513, 102), (513, 114), (513, 125), (513, 139), (513, 146), (514, 159), (514, 162), (514, 166), (514, 167), (515, 167), (516, 167), (523, 167), (536, 166), (557, 167), (574, 168), (587, 169), (606, 171), (616, 173), (625, 174), (629, 175), (631, 175), (632, 175), (633, 175), (633, 174), (633, 167), (633, 153), (633, 135), (633, 112), (633, 90), (633, 83), (633, 77), (633, 74), (633, 73), (633, 72), (631, 72), (628, 72), (623, 71), (613, 70), (596, 70), (579, 67), (563, 62), (558, 60), (545, 57), (533, 56), (525, 56), (521, 56), (518, 56), (517, 56), (515, 56), (514, 56), (513, 56), (513, 57), 'square']
[(51, 69), (51, 76), (52, 119), (60, 168), (67, 261), (71, 316), (76, 361), (81, 399), (84, 429), (85, 451), (85, 467), (85, 473), (85, 474), (86, 474), (89, 474), (121, 477), (156, 481), (199, 488), (247, 492), (289, 497), (325, 500), (357, 500), (385, 501), (419, 501), (428, 501), (442, 501), (453, 500), (458, 499), (459, 498), (459, 497), (459, 495), (455, 466), (449, 431), (443, 374), (440, 317), (437, 244), (432, 210), (431, 201), (431, 181), (432, 147), (432, 129), (432, 121), (432, 118), (433, 115), (433, 113), (433, 112), (433, 105), (433, 96), (433, 86), (433, 78), (433, 73), (433, 67), (433, 63), (433, 58), (433, 57), (433, 56), (431, 56), (426, 55), (386, 54), (349, 54), (311, 53), (268, 53), (226, 53), (194, 53), (177, 51), (163, 49), (146, 49), (130, 49), (114, 49), (98, 49), (94, 49), (87, 49), (80, 49), (76, 49), (73, 49), (68, 51), (64, 52), (63, 53), (62, 54), (57, 57), (56, 58), (56, 59), 'square']
[(573, 246), (573, 256), (573, 284), (573, 317), (573, 349), (573, 379), (573, 396), (573, 405), (573, 409), (573, 410), (574, 409), (577, 407), (588, 403), (616, 402), (637, 402), (653, 402), (666, 402), (677, 402), (682, 402), (689, 401), (694, 401), (700, 400), (705, 400), (710, 398), (715, 397), (716, 396), (716, 395), (716, 388), (714, 371), (710, 351), (710, 335), (710, 313), (710, 289), (710, 260), (710, 252), (710, 246), (710, 235), (710, 232), (710, 231), (709, 231), (708, 231), (703, 231), (695, 232), (678, 236), (667, 238), (656, 238), (633, 240), (615, 242), (600, 243), (588, 243), (578, 243), (573, 243), (572, 243), (570, 243), (569, 243), 'square']
[(125, 13), (125, 19), (125, 32), (125, 53), (125, 85), (125, 107), (125, 147), (125, 189), (123, 245), (123, 274), (124, 304), (124, 329), (124, 349), (124, 365), (124, 382), (124, 397), (124, 417), (122, 436), (117, 460), (116, 473), (116, 485), (116, 486), (116, 489), (116, 506), (116, 515), (116, 519), (116, 530), (117, 539), (117, 541), (118, 541), (120, 541), (129, 541), (145, 541), (166, 541), (195, 547), (230, 550), (261, 550), (285, 550), (312, 550), (339, 553), (367, 553), (396, 553), (419, 552), (434, 552), (442, 553), (443, 553), (452, 555), (458, 556), (478, 557), (503, 557), (544, 557), (568, 558), (586, 560), (604, 560), (617, 559), (632, 557), (643, 555), (653, 552), (654, 551), (655, 551), (655, 550), (655, 549), (655, 543), (655, 538), (655, 537), (655, 529), (653, 464), (651, 428), (648, 350), (648, 321), (648, 293), (648, 264), (648, 240), (648, 218), (648, 195), (648, 159), (648, 119), (649, 101), (650, 95), (650, 93), (650, 86), (650, 74), (650, 61), (650, 52), (650, 46), (651, 41), (652, 39), (652, 37), (652, 36), (653, 32), (653, 31), (653, 29), (652, 29), (647, 29), (602, 31), (550, 34), (493, 36), (447, 38), (414, 39), (410, 39), (409, 39), (406, 39), (368, 26), (329, 16), (295, 8), (265, 1), (244, 0), (227, 0), (208, 0), (198, 0), (185, 0), (177, 0), (167, 1), (163, 3), (155, 4), (152, 6), (150, 7), (146, 7), (140, 9), (136, 10), (132, 11), (129, 12), (129, 13), (128, 13), (126, 13), (126, 14), 'square']
[(263, 217), (264, 217), (266, 217), (281, 217), (297, 217), (315, 218), (324, 220), (340, 220), (352, 220), (357, 220), (359, 220), (359, 221), (359, 224), (359, 232), (360, 245), (360, 257), (361, 276), (362, 286), (362, 294), (362, 299), (362, 300), (362, 301), (360, 301), (341, 302), (323, 302), (311, 302), (301, 302), (289, 302), (279, 303), (272, 304), (270, 304), (269, 304), (268, 304), (267, 297), (267, 281), (267, 257), (267, 238), (267, 221), (267, 215), (267, 211), (267, 209), 'square']
[(330, 90), (330, 102), (330, 114), (330, 131), (330, 147), (330, 155), (330, 163), (330, 169), (330, 171), (330, 172), 'square']
[(331, 83), (336, 83), (355, 83), (368, 83), (382, 83), (391, 83), (396, 83), (399, 83), (400, 83), (401, 83), (402, 83), (402, 84), (402, 88), (402, 94), (402, 109), (402, 116), (402, 132), (402, 147), (402, 163), (402, 166), (402, 167), (402, 168), (402, 172), (402, 174), (402, 175), (401, 175), (393, 175), (377, 169), (359, 167), (347, 167), (336, 170), (326, 173), (320, 174), (318, 174), 'square']
[(306, 361), (306, 370), (306, 420), (306, 457), (306, 478), (307, 488), (307, 492), (307, 493), (308, 493), (309, 493), (318, 491), (341, 488), (376, 488), (402, 488), (403, 488), (403, 486), (402, 482), (388, 435), (384, 393), (384, 365), (384, 360), (384, 356), (384, 355), (383, 355), (377, 355), (341, 361), (321, 363), (311, 363), (307, 363), (296, 363), (294, 364), (293, 364), 'square']
[(515, 432), (515, 460), (515, 505), (515, 537), (515, 550), (516, 550), (516, 549), (528, 543), (544, 537), (566, 535), (590, 532), (603, 532), (605, 532), (607, 531), (607, 530), (607, 529), (604, 501), (603, 482), (602, 468), (601, 462), (601, 460), (601, 459), (601, 458), (601, 457), (601, 456), (601, 455), (601, 454), (601, 453), (599, 453), (577, 452), (560, 451), (545, 449), (538, 449), (526, 448), (517, 447), 'square']
[(91, 98), (91, 103), (91, 120), (91, 140), (91, 161), (92, 185), (92, 203), (92, 223), (91, 234), (91, 240), (90, 243), (90, 244), (91, 244), (94, 244), (112, 244), (130, 245), (147, 250), (164, 255), (180, 258), (195, 259), (200, 259), (206, 260), (213, 263), (217, 265), (220, 266), (222, 266), (222, 265), (222, 258), (222, 250), (221, 227), (218, 174), (216, 126), (216, 111), (216, 99), (217, 92), (217, 88), (217, 86), (216, 86), (210, 86), (202, 88), (191, 89), (178, 90), (171, 90), (146, 92), (132, 93), (123, 93), (113, 93), (109, 93), (103, 93), (97, 93), (92, 92), (89, 92), (88, 92), 'square']
[(28, 300), (28, 310), (28, 329), (28, 342), (27, 379), (28, 429), (28, 451), (28, 465), (28, 477), (28, 484), (28, 488), (28, 489), (28, 490), (29, 490), (30, 489), (31, 488), (35, 486), (39, 486), (51, 486), (70, 486), (82, 487), (97, 487), (119, 487), (134, 487), (155, 490), (168, 492), (182, 493), (198, 494), (204, 494), (211, 494), (214, 494), (216, 494), (216, 493), (216, 492), (213, 484), (211, 476), (209, 466), (205, 443), (204, 430), (202, 416), (202, 393), (202, 369), (202, 353), (203, 344), (204, 340), (205, 337), (208, 331), (209, 328), (210, 325), (211, 322), (211, 320), (211, 319), (210, 319), (204, 319), (193, 319), (177, 318), (158, 317), (142, 315), (125, 311), (104, 307), (91, 307), (79, 306), (67, 303), (62, 303), (56, 303), (49, 303), (44, 303), (41, 302), (38, 302), (35, 301), (34, 301), 'square']
[(52, 223), (55, 218), (63, 205), (69, 195), (83, 172), (98, 148), (118, 117), (134, 94), (143, 82), (151, 69), (154, 60), (157, 57), (157, 55), (157, 56), (159, 67), (163, 79), (169, 95), (181, 124), (187, 143), (194, 162), (200, 174), (206, 187), (210, 197), (214, 205), (216, 210), (218, 212), (219, 214), (220, 215), (222, 217), (223, 219), (223, 222), (221, 220), (209, 210), (189, 194), (148, 170), (96, 142), (68, 128), (47, 118), (21, 105), (12, 99), (11, 99), (10, 97), (11, 97), (19, 97), (32, 97), (50, 99), (76, 103), (112, 108), (155, 112), (200, 117), (233, 121), (255, 123), (269, 125), (278, 125), (287, 125), (291, 125), (292, 125), (292, 126), (282, 128), (275, 131), (251, 140), (241, 143), (219, 152), (199, 159), (177, 166), (160, 171), (141, 181), (130, 189), (119, 198), (107, 208), (96, 214), (84, 221), (74, 226), (68, 229), (64, 232), (61, 234), (60, 234), 'star']
[(392, 375), (392, 372), (402, 344), (421, 308), (432, 283), (445, 258), (454, 229), (464, 211), (472, 196), (476, 188), (478, 185), (479, 185), (480, 185), (482, 188), (487, 201), (494, 223), (509, 254), (526, 284), (539, 310), (547, 322), (550, 327), (552, 330), (553, 331), (555, 333), (558, 339), (559, 341), (558, 341), (556, 341), (536, 335), (515, 328), (477, 315), (451, 307), (428, 300), (400, 292), (381, 288), (368, 287), (359, 287), (357, 287), (353, 286), (351, 284), (351, 283), (352, 283), (368, 281), (395, 281), (436, 279), (471, 274), (487, 271), (536, 262), (577, 258), (597, 254), (609, 253), (615, 251), (617, 250), (616, 250), (614, 250), (604, 252), (577, 269), (557, 279), (533, 295), (511, 311), (493, 326), (478, 338), (464, 349), (452, 359), (437, 370), (420, 379), (408, 385), (402, 389), (400, 391), (398, 392), (396, 393), (395, 393), 'star']
[(104, 522), (105, 515), (115, 485), (145, 398), (178, 313), (200, 255), (223, 213), (247, 182), (265, 155), (279, 126), (289, 100), (293, 93), (293, 92), (293, 93), (293, 98), (293, 120), (316, 182), (342, 249), (369, 317), (408, 401), (440, 463), (453, 491), (464, 514), (471, 527), (477, 537), (480, 543), (482, 545), (482, 546), (480, 544), (474, 537), (427, 500), (408, 486), (331, 438), (247, 396), (197, 375), (122, 348), (87, 329), (62, 313), (42, 303), (30, 300), (22, 297), (18, 296), (17, 296), (16, 296), (16, 295), (17, 295), (36, 293), (59, 290), (87, 290), (141, 287), (207, 282), (298, 281), (350, 281), (390, 281), (437, 280), (466, 278), (490, 275), (503, 273), (528, 270), (545, 266), (561, 261), (568, 260), (571, 258), (572, 258), (571, 258), (567, 258), (543, 265), (509, 283), (434, 323), (374, 358), (327, 385), (286, 413), (260, 436), (243, 452), (224, 468), (206, 482), (194, 490), (180, 499), (172, 505), (163, 510), (156, 516), (150, 519), (140, 522), (131, 526), (125, 529), (120, 532), (118, 533), (114, 537), (111, 539), (110, 540), (109, 541), (107, 541), 'star']
[(673, 390), (676, 373), (686, 318), (704, 244), (727, 163), (753, 87), (763, 57), (777, 26), (778, 22), (779, 21), (780, 25), (781, 40), (786, 79), (799, 138), (799, 197), (799, 254), (799, 300), (799, 320), (799, 327), (799, 328), (799, 329), (799, 324), (799, 318), (799, 275), (778, 237), (750, 206), (726, 193), (705, 185), (687, 179), (672, 174), (659, 169), (657, 167), (656, 166), (660, 166), (665, 166), (671, 166), (685, 166), (710, 166), (740, 170), (771, 174), (792, 177), (799, 178), (799, 179), (799, 180), (799, 181), (799, 182), (799, 183), (799, 185), (799, 186), (799, 189), (799, 198), (791, 223), (752, 262), (729, 290), (716, 311), (704, 331), (694, 347), (684, 360), (678, 369), (675, 375), (673, 378), (673, 380), (673, 381), 'star']
[(399, 146), (408, 126), (421, 95), (429, 75), (434, 62), (437, 57), (438, 56), (439, 56), (442, 57), (447, 66), (455, 84), (464, 105), (468, 117), (470, 122), (471, 123), (471, 124), (471, 125), (465, 125), (443, 121), (411, 106), (394, 99), (377, 91), (374, 90), (375, 90), (387, 90), (412, 90), (426, 90), (458, 90), (485, 91), (499, 91), (504, 91), (505, 91), (507, 91), (508, 91), (509, 90), (507, 90), (502, 93), (491, 100), (476, 107), (460, 114), (430, 132), (417, 141), (409, 147), (405, 150), (402, 152), (401, 153), (400, 153), 'star']
[(271, 532), (284, 505), (304, 467), (329, 422), (365, 355), (409, 274), (459, 197), (523, 99), (549, 54), (566, 29), (575, 17), (578, 13), (578, 12), (578, 13), (578, 20), (578, 39), (581, 74), (605, 167), (620, 227), (641, 299), (656, 346), (670, 391), (680, 417), (688, 434), (695, 452), (697, 457), (701, 465), (704, 470), (706, 473), (706, 475), (707, 476), (708, 479), (707, 477), (700, 469), (656, 422), (580, 372), (505, 334), (376, 284), (307, 255), (264, 233), (234, 221), (216, 211), (207, 205), (196, 198), (195, 196), (196, 196), (211, 195), (237, 194), (306, 194), (343, 192), (449, 186), (561, 183), (656, 182), (724, 182), (745, 182), (761, 182), (773, 182), (788, 181), (795, 180), (797, 180), (796, 180), (784, 182), (748, 197), (631, 263), (596, 285), (506, 351), (449, 398), (391, 454), (364, 484), (350, 501), (336, 512), (323, 520), (310, 524), (299, 527), (290, 531), (280, 534), (276, 535), (272, 537), (269, 538), 'star']
[(51, 112), (55, 112), (74, 112), (102, 112), (111, 111), (132, 109), (154, 106), (172, 104), (186, 101), (197, 98), (203, 97), (206, 97), (206, 98), (203, 102), (201, 105), (193, 117), (184, 132), (174, 151), (164, 168), (157, 184), (151, 200), (148, 214), (145, 226), (143, 234), (143, 243), (142, 246), (141, 246), (140, 246), (132, 240), (122, 228), (117, 221), (105, 206), (92, 187), (83, 173), (76, 161), (71, 150), (66, 138), (63, 132), (62, 129), (62, 128), (61, 127), (61, 126), (59, 122), (58, 121), 'triangle']
[(215, 291), (217, 284), (224, 269), (237, 238), (261, 190), (274, 163), (297, 112), (308, 98), (314, 89), (317, 83), (319, 78), (319, 76), (320, 75), (320, 74), (321, 74), (323, 75), (328, 79), (339, 93), (357, 116), (379, 146), (400, 171), (418, 193), (436, 215), (452, 235), (465, 249), (475, 262), (477, 264), (478, 265), (477, 265), (467, 265), (443, 265), (394, 266), (348, 267), (298, 274), (259, 281), (234, 287), (220, 289), (210, 291), (200, 294), (198, 295), (197, 296), 'triangle']
[(145, 509), (146, 503), (167, 459), (190, 420), (216, 377), (247, 331), (295, 261), (323, 224), (338, 206), (344, 197), (348, 189), (351, 186), (352, 184), (352, 183), (352, 184), (354, 190), (367, 225), (388, 272), (413, 327), (436, 374), (466, 432), (477, 458), (487, 479), (493, 491), (498, 500), (504, 510), (506, 512), (507, 513), (505, 513), (500, 513), (473, 511), (450, 510), (404, 510), (366, 511), (327, 513), (292, 515), (277, 518), (244, 522), (225, 524), (206, 524), (202, 524), (193, 524), (182, 524), (169, 524), (156, 524), (151, 524), (147, 524), (145, 524), (144, 524), (143, 524), 'triangle']
[(376, 406), (385, 398), (400, 382), (433, 349), (448, 337), (478, 310), (506, 285), (526, 262), (541, 241), (553, 227), (560, 218), (561, 215), (562, 215), (563, 215), (564, 217), (566, 222), (578, 253), (591, 289), (605, 325), (614, 347), (621, 358), (622, 361), (622, 363), (619, 363), (607, 363), (586, 363), (556, 363), (525, 364), (486, 370), (456, 376), (440, 379), (422, 380), (408, 382), (396, 383), (389, 386), (384, 389), (375, 395), (373, 396), (371, 397), (371, 398), 'triangle']
[(44, 359), (44, 354), (49, 337), (63, 284), (76, 239), (87, 202), (100, 174), (108, 157), (112, 148), (117, 142), (118, 138), (121, 132), (121, 131), (122, 131), (123, 131), (136, 146), (155, 167), (177, 192), (186, 201), (207, 217), (216, 222), (222, 225), (222, 226), (221, 227), (217, 227), (200, 235), (183, 241), (160, 252), (119, 281), (85, 310), (79, 316), (68, 326), (59, 336), (51, 344), (48, 349), (47, 350), (46, 351), (45, 351), 'triangle']
[(55, 499), (58, 496), (73, 476), (102, 432), (144, 371), (189, 304), (233, 247), (294, 177), (331, 136), (366, 98), (381, 79), (392, 68), (404, 57), (406, 55), (407, 54), (408, 54), (411, 62), (415, 69), (431, 94), (452, 128), (471, 158), (496, 197), (529, 245), (548, 275), (563, 300), (576, 319), (588, 338), (598, 353), (607, 362), (613, 370), (619, 379), (621, 382), (622, 384), (623, 385), (625, 385), (625, 386), (626, 386), (626, 387), (626, 388), (631, 393), (640, 401), (654, 412), (668, 429), (683, 447), (685, 450), (688, 453), (690, 455), (691, 458), (692, 459), (692, 460), (693, 460), (694, 461), (695, 462), (696, 463), (696, 464), (697, 466), (697, 467), (695, 467), (683, 466), (670, 465), (623, 463), (523, 463), (450, 464), (378, 464), (312, 464), (262, 464), (221, 464), (190, 464), (167, 466), (136, 472), (119, 475), (99, 479), (84, 481), (70, 484), (65, 486), (62, 487), (60, 489), 'triangle']
[(304, 339), (304, 349), (304, 359), (304, 377), (304, 396), (304, 413), (303, 434), (302, 448), (302, 455), (302, 456), (301, 456), (304, 456), (306, 455), (313, 454), (322, 454), (339, 454), (355, 454), (372, 455), (396, 458), (409, 459), (419, 461), (425, 462), (428, 463), (429, 463), (428, 463), (421, 455), (408, 445), (395, 433), (382, 422), (372, 411), (363, 401), (355, 390), (350, 381), (345, 373), (339, 366), (334, 360), (328, 354), (322, 349), (319, 343), (317, 338), (314, 333), (313, 333), (312, 333), (311, 333), 'triangle']
[(424, 568), (431, 558), (445, 548), (460, 533), (485, 499), (500, 468), (514, 443), (522, 428), (529, 418), (533, 411), (535, 408), (536, 407), (537, 406), (538, 406), (541, 409), (548, 424), (559, 451), (575, 490), (588, 521), (598, 543), (607, 564), (612, 575), (614, 579), (615, 581), (618, 582), (617, 582), (613, 582), (596, 582), (571, 582), (541, 581), (511, 581), (480, 582), (453, 583), (437, 584), (429, 584), (423, 584), (420, 584), (416, 584), 'triangle']
[(541, 29), (541, 39), (541, 56), (541, 77), (541, 101), (541, 124), (541, 145), (541, 160), (541, 168), (541, 171), (541, 172), (542, 172), (545, 172), (559, 169), (573, 168), (589, 168), (605, 168), (620, 170), (639, 175), (644, 177), (657, 181), (660, 181), (664, 182), (666, 182), (665, 181), (659, 175), (655, 171), (644, 159), (632, 147), (613, 123), (599, 105), (589, 93), (579, 80), (571, 69), (562, 59), (555, 52), (551, 47), (547, 42), (546, 39), (546, 37), (545, 35), (545, 34), 'triangle']
[(96, 21), (100, 21), (140, 22), (178, 28), (209, 31), (227, 33), (244, 35), (252, 36), (256, 37), (257, 37), (255, 38), (245, 43), (235, 49), (223, 58), (212, 70), (191, 89), (163, 113), (136, 136), (123, 151), (116, 161), (113, 170), (111, 173), (110, 173), (109, 173), (101, 154), (97, 120), (95, 76), (94, 43), (94, 32), (94, 20), (94, 14), (95, 13), (96, 12), (97, 11), (98, 10), 'triangle']
[(24, 428), (27, 424), (40, 413), (60, 394), (78, 379), (96, 365), (107, 355), (117, 348), (117, 347), (118, 347), (119, 347), (122, 347), (127, 347), (141, 348), (161, 352), (192, 357), (234, 362), (276, 366), (318, 372), (358, 380), (398, 389), (409, 390), (417, 391), (420, 392), (421, 392), (420, 393), (419, 393), (412, 394), (402, 396), (390, 397), (375, 397), (358, 398), (344, 400), (327, 401), (306, 402), (285, 403), (263, 403), (235, 406), (200, 410), (165, 410), (153, 410), (130, 410), (112, 410), (92, 410), (85, 410), (79, 410), (71, 411), (62, 413), (54, 414), (46, 415), (39, 416), (36, 418), (33, 418), (32, 418), (30, 419), (29, 420), (28, 421), (27, 421), 'triangle']
[(642, 227), (642, 232), (642, 246), (642, 262), (642, 278), (642, 289), (641, 294), (641, 295), (642, 295), (644, 295), (653, 295), (667, 295), (699, 295), (712, 296), (719, 297), (717, 296), (711, 289), (701, 280), (689, 271), (677, 261), (664, 250), (656, 242), (650, 233), (645, 229), (643, 226), (643, 225), 'triangle']
[(486, 114), (503, 105), (534, 79), (565, 57), (585, 46), (599, 40), (609, 36), (613, 35), (618, 32), (622, 29), (624, 29), (625, 29), (628, 31), (631, 35), (643, 45), (663, 61), (672, 67), (689, 80), (704, 95), (718, 109), (723, 116), (726, 118), (728, 120), (728, 121), (729, 121), (726, 121), (708, 121), (690, 120), (663, 117), (619, 116), (570, 116), (551, 115), (534, 115), (509, 115), (496, 115), (489, 115), (485, 115), (482, 115), 'triangle']
[(220, 258), (220, 253), (220, 235), (225, 209), (234, 191), (248, 176), (260, 162), (278, 148), (300, 131), (324, 119), (345, 113), (386, 112), (423, 129), (431, 138), (452, 165), (462, 182), (467, 198), (473, 219), (474, 236), (476, 255), (477, 275), (477, 293), (477, 309), (471, 322), (462, 337), (451, 350), (437, 364), (419, 373), (401, 379), (379, 381), (367, 381), (327, 372), (315, 367), (295, 359), (270, 343), (256, 328), (250, 316), (246, 308), (239, 298), (234, 289), (230, 280), (229, 274), (229, 270), (228, 265), (227, 262), (227, 259), 'circle']
[(68, 335), (68, 329), (73, 316), (97, 279), (134, 243), (166, 225), (196, 221), (234, 226), (265, 248), (300, 294), (309, 342), (302, 387), (278, 419), (237, 448), (160, 473), (140, 473), (97, 467), (57, 437), (51, 426), (47, 406), (47, 390), (47, 382), (53, 373), (59, 364), (62, 360), (64, 355), (68, 349), (72, 341), (73, 340), 'circle']
[(67, 429), (68, 411), (77, 369), (88, 320), (97, 290), (104, 274), (105, 271), (107, 271), (113, 279), (118, 290), (136, 322), (151, 350), (163, 373), (173, 400), (184, 422), (185, 424), (186, 425), (187, 424), (189, 412), (197, 344), (204, 284), (213, 237), (219, 209), (222, 194), (224, 194), (231, 208), (249, 245), (271, 297), (301, 365), (326, 411), (330, 417), (334, 424), (335, 418), (335, 384), (333, 329), (332, 257), (332, 202), (335, 173), (337, 156), (339, 152), (343, 156), (360, 199), (390, 273), (403, 299), (430, 349), (441, 366), (445, 373), (447, 373), (447, 362), (447, 312), (443, 242), (443, 178), (444, 119), (447, 107), (451, 105), (458, 112), (474, 144), (494, 188), (507, 213), (545, 273), (551, 282), (560, 292), (560, 283), (560, 247), (558, 186), (555, 121), (555, 74), (555, 60), (558, 58), (564, 63), (577, 89), (586, 114), (613, 186), (624, 212), (631, 225), (632, 229), 'spikes']
[(201, 530), (213, 476), (224, 449), (231, 438), (246, 455), (279, 510), (303, 546), (308, 547), (309, 515), (310, 453), (318, 425), (327, 434), (345, 465), (366, 498), (377, 511), (383, 513), (388, 497), (393, 456), (396, 423), (404, 406), (414, 421), (433, 452), (453, 476), (468, 483), (475, 477), (486, 427), (491, 405), (495, 399), (500, 402), (508, 421), (516, 438), (527, 456), (530, 460), (531, 461), 'spikes']
[(73, 221), (78, 214), (115, 163), (140, 127), (155, 106), (162, 100), (164, 99), (165, 99), (166, 99), (166, 102), (177, 123), (185, 136), (188, 141), (194, 152), (196, 154), (197, 156), (198, 157), (199, 158), (201, 154), (207, 135), (220, 89), (225, 70), (230, 59), (232, 57), (235, 57), (238, 63), (244, 73), (253, 91), (264, 125), (279, 160), (287, 183), (293, 193), (293, 196), (294, 196), (295, 193), (296, 165), (299, 121), (303, 79), (306, 58), (307, 53), (307, 50), (308, 50), (310, 59), (314, 85), (322, 119), (330, 152), (337, 175), (338, 177), 'spikes']
[(272, 452), (295, 381), (322, 295), (346, 226), (367, 173), (371, 161), (373, 159), (381, 175), (402, 225), (429, 294), (463, 383), (483, 432), (493, 450), (496, 457), (497, 457), (498, 449), (500, 420), (508, 314), (519, 223), (536, 144), (541, 127), (543, 124), (544, 124), (552, 137), (569, 184), (608, 290), (636, 358), (640, 368), (642, 370), (643, 368), (645, 331), (649, 254), (658, 159), (665, 98), (671, 70), (677, 59), (680, 59), (696, 91), (709, 132), (719, 176), (726, 220), (727, 238), (727, 244), (727, 246), 'spikes']
[(49, 489), (49, 487), (51, 469), (60, 444), (64, 439), (66, 447), (73, 472), (87, 506), (101, 530), (103, 531), (106, 506), (109, 489), (116, 452), (117, 448), (119, 446), (124, 456), (134, 475), (148, 505), (154, 517), (158, 520), (162, 516), (171, 482), (178, 454), (181, 438), (183, 434), (187, 437), (194, 452), (201, 463), (207, 470), 'spikes']
[(546, 512), (558, 492), (587, 405), (605, 343), (615, 316), (622, 310), (626, 310), (632, 326), (644, 371), (656, 423), (664, 455), (667, 467), (669, 468), (672, 460), (679, 415), (693, 326), (703, 282), (708, 265), (709, 262), (710, 262), (716, 279), (727, 313), (739, 354), (748, 389), (755, 412), (756, 416), (756, 419), (756, 421), (755, 421), 'spikes']
[(136, 273), (144, 249), (175, 192), (211, 139), (234, 105), (246, 85), (248, 81), (253, 84), (281, 144), (308, 204), (332, 263), (345, 290), (349, 297), (352, 296), (364, 245), (391, 122), (405, 61), (416, 39), (423, 35), (428, 43), (437, 69), (455, 137), (470, 192), (483, 234), (490, 253), (492, 248), (495, 222), (502, 156), (510, 114), (516, 86), (520, 72), (521, 68), (525, 71), (532, 89), (543, 131), (554, 177), (567, 225), (580, 256), (587, 270), (588, 272), (587, 272), 'spikes']
[(94, 379), (91, 378), (85, 351), (84, 293), (95, 258), (114, 235), (138, 222), (168, 218), (199, 224), (253, 268), (277, 312), (284, 353), (264, 385), (238, 392), (212, 388), (195, 362), (189, 341), (186, 284), (200, 252), (223, 223), (247, 204), (280, 193), (319, 191), (378, 208), (412, 244), (433, 282), (441, 318), (442, 348), (434, 373), (417, 387), (391, 390), (335, 348), (323, 318), (314, 237), (338, 189), (378, 150), (450, 115), (497, 113), (529, 129), (553, 158), (562, 194), (564, 235), (563, 271), (542, 309), (523, 324), (491, 327), (470, 298), (457, 207), (469, 164), (496, 128), (541, 94), (567, 85), (588, 85), (616, 95), (630, 108), (643, 126), (650, 140), (653, 149), (654, 153), (654, 155), 'bumpy']
[(31, 126), (31, 122), (58, 87), (90, 62), (126, 53), (149, 55), (157, 75), (158, 101), (137, 129), (125, 141), (92, 149), (84, 123), (105, 66), (129, 44), (169, 28), (207, 26), (233, 40), (246, 82), (242, 119), (220, 151), (191, 170), (180, 170), (175, 148), (178, 115), (204, 78), (233, 53), (266, 42), (288, 41), (305, 53), (313, 77), (316, 111), (305, 137), (277, 161), (265, 162), (255, 120), (270, 61), (301, 22), (333, 3), (357, 0), (372, 3), (386, 30), (390, 46), (391, 56), (391, 58), (391, 59), 'bumpy']
[(293, 437), (298, 392), (326, 345), (371, 316), (438, 321), (474, 370), (488, 418), (490, 456), (462, 485), (439, 483), (415, 442), (413, 386), (448, 331), (491, 294), (532, 280), (567, 281), (604, 332), (611, 370), (611, 398), (602, 420), (587, 431), (571, 433), (555, 400), (551, 343), (570, 280), (586, 264), (616, 242), (654, 236), (671, 251), (683, 279), (690, 302), (691, 318), (690, 334), (687, 337), (686, 339), (685, 339), 'bumpy']
[(61, 456), (60, 419), (60, 369), (91, 306), (122, 284), (151, 282), (185, 300), (204, 335), (209, 371), (190, 398), (171, 399), (156, 378), (150, 318), (207, 215), (227, 197), (283, 168), (343, 181), (372, 230), (378, 274), (373, 314), (341, 338), (323, 333), (308, 285), (308, 213), (343, 144), (381, 115), (419, 106), (451, 108), (478, 137), (488, 174), (489, 194), (488, 223), (459, 248), (439, 252), (430, 239), (427, 190), (450, 131), (486, 90), (523, 71), (552, 70), (574, 78), (591, 97), (597, 115), (599, 128), (599, 133), 'bumpy']
[(190, 525), (183, 516), (167, 488), (151, 427), (166, 324), (214, 274), (291, 256), (331, 265), (399, 346), (427, 420), (432, 465), (429, 492), (396, 503), (370, 495), (346, 454), (339, 349), (351, 261), (389, 203), (440, 166), (513, 151), (555, 161), (586, 189), (608, 226), (617, 265), (611, 319), (577, 358), (561, 367), (547, 351), (532, 279), (529, 188), (537, 128), (561, 93), (592, 71), (621, 64), (642, 65), (656, 81), (668, 103), (677, 128), (682, 158), (682, 181), (676, 206), (666, 217), (660, 222), (646, 221), (629, 183), (627, 140), (633, 103), (661, 65), (684, 46), (701, 39), (713, 39), (727, 45), (734, 51), (738, 56), 'bumpy']
[(24, 357), (24, 345), (28, 322), (53, 287), (80, 267), (126, 265), (179, 313), (193, 359), (190, 432), (162, 452), (132, 456), (111, 445), (102, 398), (113, 322), (181, 242), (237, 215), (285, 210), (320, 230), (355, 297), (362, 348), (353, 420), (330, 455), (304, 478), (288, 483), (280, 454), (280, 378), (315, 290), (357, 233), (404, 200), (450, 197), (475, 214), (501, 266), (509, 302), (509, 334), (495, 363), (471, 388), (446, 396), (428, 389), (420, 338), (439, 243), (471, 195), (511, 164), (548, 151), (577, 152), (603, 168), (634, 213), (640, 225), (646, 254), (647, 259), (647, 261), 'bumpy']
[(241, 537), (241, 512), (241, 460), (264, 392), (294, 373), (333, 374), (367, 410), (389, 461), (398, 509), (386, 540), (363, 541), (341, 514), (337, 442), (375, 394), (402, 373), (475, 348), (497, 348), (526, 372), (547, 423), (552, 467), (547, 516), (527, 529), (504, 531), (489, 521), (484, 482), (495, 418), (532, 358), (566, 332), (596, 325), (631, 343), (648, 373), (658, 418), (655, 442), (634, 471), (617, 484), (602, 487), (594, 437), (601, 379), (624, 335), (654, 297), (682, 285), (718, 290), (736, 308), (750, 330), (757, 351), (759, 371), (760, 379), (760, 384), 'bumpy']
[(698, 214), (699, 185), (715, 158), (724, 155), (733, 154), (746, 170), (757, 198), (758, 214), (756, 223), (748, 230), (744, 227), (742, 211), (744, 177), (752, 166), (766, 156), (774, 154), (782, 154), (793, 160), (799, 171), (799, 185), (799, 202), (799, 212), (799, 217), (795, 219), (791, 217), (788, 202), (788, 170), (791, 158), (798, 152), (799, 150), 'bumpy']
[(59, 528), (57, 514), (57, 488), (88, 438), (125, 427), (178, 433), (205, 460), (220, 521), (211, 540), (193, 545), (166, 537), (157, 510), (159, 468), (180, 428), (213, 393), (271, 365), (311, 362), (345, 378), (360, 388), (397, 446), (407, 489), (403, 529), (390, 550), (373, 563), (357, 566), (344, 553), (334, 512), (345, 427), (379, 385), (420, 355), (479, 340), (512, 340), (540, 355), (563, 381), (581, 414), (589, 443), (590, 472), (589, 479), (586, 485), 'bumpy']
[(46, 219), (47, 188), (65, 171), (94, 163), (126, 163), (151, 176), (162, 197), (166, 219), (159, 245), (142, 252), (121, 250), (106, 214), (117, 173), (147, 134), (204, 107), (249, 110), (288, 134), (322, 174), (337, 223), (335, 244), (314, 262), (290, 268), (267, 253), (263, 229), (278, 173), (328, 121), (372, 104), (411, 101), (451, 114), (466, 127), (474, 146), (476, 157), (476, 162), (476, 163), 'bumpy']
[(101, 211), (99, 211), (108, 211), (143, 211), (198, 211), (282, 209), (362, 206), (404, 204), (420, 202), (423, 202), (424, 202), 'straight']
[(97, 375), (146, 375), (275, 369), (443, 368), (559, 364), (624, 358), (667, 354), (671, 353), (672, 353), 'straight']
[(306, 129), (367, 129), (484, 129), (601, 129), (670, 129), (694, 129), (699, 129), 'straight']
[(385, 278), (403, 278), (460, 278), (569, 278), (695, 278), (769, 274), (797, 272), 'straight']
[(77, 477), (104, 477), (197, 477), (331, 477), (448, 477), (535, 477), (550, 477), (553, 477), 'straight']
[(193, 296), (221, 296), (257, 296), (276, 296), (286, 296), (287, 296), 'straight']
[(111, 145), (122, 145), (142, 145), (158, 145), (168, 145), (170, 145), 'straight']
[(137, 80), (141, 80), (176, 80), (286, 80), (449, 80), (588, 80), (701, 79), (744, 74), (763, 71), 'straight']
[(490, 234), (519, 234), (605, 234), (695, 234), (780, 236), (795, 236), 'straight']
[(562, 189), (577, 189), (634, 189), (690, 189), (715, 189), (718, 189), 'straight']
[(428, 424), (434, 424), (475, 424), (547, 424), (618, 424), (647, 424), (651, 424), 'straight']
[(490, 331), (562, 331), (625, 331), (668, 331), (676, 330), 'straight']
[(183, 289), (184, 289), (193, 289), (206, 288), (226, 288), (248, 288), (259, 288), (282, 288), (304, 288), (337, 288), (359, 288), (377, 288), (390, 288), (400, 288), (408, 288), (413, 288), (415, 288), (414, 288), (412, 288), (398, 288), (385, 288), (369, 288), (351, 288), (328, 288), (303, 288), (282, 288), (262, 288), (242, 288), (222, 288), (204, 290), (192, 292), (183, 293), (181, 293), 'tonfro']
[(264, 116), (271, 116), (331, 116), (421, 116), (473, 116), (498, 116), (563, 112), (581, 109), (611, 103), (630, 101), (637, 100), (638, 100), (637, 100), (623, 100), (588, 100), (538, 100), (489, 106), (440, 109), (400, 109), (366, 109), (341, 109), (317, 109), (311, 109), (299, 110), (291, 112), (288, 113), (285, 113), 'tonfro']
[(168, 396), (173, 396), (230, 396), (285, 396), (333, 396), (381, 405), (395, 407), (401, 407), (401, 408), (395, 408), (376, 408), (345, 408), (310, 408), (255, 408), (240, 407), (208, 403), (195, 401), (185, 399), (183, 398), 'tonfro']
[(457, 189), (459, 189), (495, 189), (538, 189), (580, 189), (611, 189), (623, 189), (629, 189), (630, 189), (629, 189), (622, 189), (608, 189), (572, 192), (548, 194), (529, 195), (514, 195), (501, 195), (495, 195), (494, 195), (491, 195), (489, 195), 'tonfro']
[(15, 162), (20, 162), (43, 162), (69, 162), (109, 162), (127, 162), (149, 161), (158, 161), (163, 161), (162, 161), (151, 161), (131, 161), (119, 161), (96, 161), (72, 163), (54, 163), (47, 163), (42, 162), (37, 161), (32, 161), (26, 161), (22, 161), (19, 161), (18, 161), 'tonfro']
[(144, 203), (151, 203), (194, 203), (249, 203), (281, 203), (306, 203), (313, 203), (330, 202), (337, 201), (339, 201), (338, 201), (330, 201), (319, 201), (304, 201), (293, 202), (283, 202), (274, 202), (264, 202), (250, 202), (234, 202), (219, 204), (201, 205), (189, 205), (171, 205), (163, 205), (157, 205), (155, 205), (145, 205), (139, 205), (136, 205), 'tonfro']
[(448, 460), (454, 460), (487, 460), (530, 460), (573, 460), (613, 460), (632, 460), (644, 460), (650, 460), (652, 460), (653, 460), (653, 461), (652, 461), (636, 462), (627, 463), (590, 463), (578, 463), (559, 463), (543, 464), (523, 465), (508, 466), (494, 466), (482, 466), (476, 466), (473, 466), (472, 466), (471, 466), (469, 466), (469, 465), 'tonfro']
[(54, 340), (59, 340), (66, 340), (101, 340), (134, 340), (165, 340), (196, 340), (230, 339), (285, 332), (316, 329), (344, 327), (388, 323), (419, 319), (434, 317), (478, 311), (503, 310), (524, 310), (535, 309), (543, 308), (547, 307), (550, 307), (549, 307), (544, 307), (526, 307), (509, 308), (494, 309), (470, 311), (455, 312), (437, 313), (414, 314), (397, 315), (368, 318), (346, 321), (323, 323), (298, 326), (276, 329), (253, 333), (226, 338), (208, 340), (194, 340), (183, 340), (176, 340), (167, 340), (153, 338), (144, 336), (130, 336), (116, 336), (98, 336), (91, 336), (81, 336), (71, 336), (64, 336), (54, 337), (52, 337), 'tonfro']
[(269, 278), (269, 271), (273, 259), (288, 245), (293, 241), (309, 234), (342, 225), (362, 224), (379, 224), (397, 230), (411, 240), (419, 249), (428, 262), (434, 281), (435, 294), (434, 316), (431, 322), (422, 337), (406, 359), (391, 371), (374, 378), (348, 382), (329, 382), (313, 382), (299, 378), (280, 366), (271, 357), (265, 345), (261, 333), (257, 320), (254, 298), (253, 276), (254, 267), (256, 263), (260, 259), (263, 256), (264, 255), (265, 255), (266, 255), (268, 255), (272, 255), (277, 255), (279, 255), 'circle']
[(113, 162), (113, 161), (113, 151), (131, 118), (155, 92), (175, 79), (193, 78), (212, 78), (224, 79), (240, 93), (246, 109), (251, 133), (254, 160), (256, 183), (254, 198), (245, 211), (231, 221), (223, 224), (204, 227), (170, 228), (155, 222), (143, 213), (132, 202), (122, 195), (120, 190), (120, 172), (119, 162), (117, 157), (117, 155), (117, 153), 'circle']
